Seraphinouz- Antikoli,964,1,<@172100483031367680>,172100483031367680,185,22,13,4,48
La-Panna-Cottouz,806,2,<@429453900035260417>,429453900035260417,229,19,51,9,33
Zz-Heals,793,3,<@1359889742061375551>,1359889742061375551,0,28,36,3,55
masdov,657,4,<@1258676392506294362>,1258676392506294362,0,28,40,3,3
Gambit,609,5,<@562364543922077699>,562364543922077699,0,28,5,1,0
Nitroz-meow,509,6,<@260508658398396416>,260508658398396416,0,28,1,0,35
Seitzer,491,7,<@1104662079681597471>,1104662079681597471,0,28,66,4,35
Oxu,443,8,<@357531864254119937>,357531864254119937,0,28,4,1,0
[Unex] Cpt-Morgn,396,9,<@284021102076887040>,284021102076887040,0,28,0,0,0
Blue-Buff,392,10,<@612600884047773698>,612600884047773698,0,28,85,6,0
Charles-Westmorland,331,11,<@266235160784011265>,266235160784011265,0,28,35,1,0
Slow,289,12,<@223141992375255041>,223141992375255041,0,28,0,0,0
Red-Buff,263,13,<@402234653404168193>,402234653404168193,0,28,43,4,0
Cutouz Le Sulfureux,260,14,<@691289898078175243>,691289898078175243,0,28,0,0,0
Bish,249,15,<@214732813826654210>,214732813826654210,0,28,0,0,0
Geol,226,16,<@194859053007110146>,194859053007110146,0,28,43,5,10
Ary,208,17,<@350916944305848350>,350916944305848350,0,28,0,1,10
Hack,206,18,<@551829261485342747>,551829261485342747,344,8,0,0,0
Maltesers,204,19,<@277890867413516288>,277890867413516288,0,28,0,0,0
Zenibaba,185,20,<@202580375720034304>,202580375720034304,0,28,43,4,0
Slayy,185,20,<@320078046717804545>,320078046717804545,127,25,0,1,10
Finaunce,184,22,<@688869763220242468>,688869763220242468,0,28,0,0,0
Pote-au-Fouz,181,23,<@484450044901326869>,484450044901326869,0,28,15,3,0
Honeypopsouz,177,24,<@219114486638968832>,219114486638968832,0,28,0,0,0
Juliouz [MAFIA],174,25,<@339044242884395009>,339044242884395009,242,17,1,0,35
Palmouz [Keyboard Warrior],163,26,<@600241722844381184>,600241722844381184,177,23,0,0,0
Myrea,161,27,<@1314024783033274388>,1314024783033274388,0,28,53,2,0
lanci-lanci,150,28,<@311562566746767360>,311562566746767360,0,28,5,2,10
Gabira,139,29,<@302824857375342594>,302824857375342594,0,28,0,0,0
Armados,137,30,<@138478649073598464>,138478649073598464,0,28,0,0,0
Tube,131,31,<@146291273496526848>,146291273496526848,0,28,0,0,0
Yatta,131,31,<@757825437387980816>,757825437387980816,0,28,25,2,0
Salvin,130,33,<@135364041571958784>,135364041571958784,196,21,0,0,0
NRK,127,34,<@137679107033923585>,137679107033923585,0,28,32,1,1
Volty,125,35,<@303495532960022528>,303495532960022528,242,17,0,0,0
Jai-peurdes-guepes,124,36,<@215668155178024960>,215668155178024960,0,28,0,1,10
Masamune,121,37,<@189825589891432448>,189825589891432448,0,28,35,2,10
Kawwiz,119,38,<@699662174498455722>,699662174498455722,431,5,9,3,3
Sk,119,38,<@236513131860459521>,236513131860459521,0,28,41,3,81
sonnax,115,40,<@223859878966460416>,223859878966460416,0,28,35,1,0
Sarava3,113,41,<@300012867405742080>,300012867405742080,319,10,0,0,0
Toyboy,108,42,<@263772563103023116>,263772563103023116,0,28,7,1,0
Xerathuis,105,43,<@229216188834512896>,229216188834512896,0,28,0,0,0
Crado,105,43,<@144510431740952576>,144510431740952576,0,28,0,0,0
Pierrox,87,45,<@227560342710910977>,227560342710910977,0,28,7,1,0
Dielf,82,46,<@240111378671730690>,240111378671730690,0,28,6,1,35
Azteckouz,78,47,<@498569170221531181>,498569170221531181,0,28,0,0,0
Miløup ♕,73,48,<@242982439901855746>,242982439901855746,0,28,1,0,35
Jobails,72,49,<@202519284398817280>,202519284398817280,0,28,0,0,0
Avicenne,69,50,<@763094819257057291>,763094819257057291,0,28,0,3,20
Saws,69,50,<@226393670138462208>,226393670138462208,0,28,35,2,10
Galadopoti [EN],67,52,<@518452567886528532>,518452567886528532,0,28,18,1,0
Linnaelle,63,53,<@174970934900424704>,174970934900424704,118,26,0,0,0
Diamantine,62,54,<@680812810367795217>,680812810367795217,0,28,0,0,0
!BANGER,61,55,<@371684517414567936>,371684517414567936,0,28,61,5,0
Nomekouz,58,56,<@164452858219986944>,164452858219986944,932,1,0,0,0
Lord-Flacko,56,57,<@340138395692957696>,340138395692957696,0,28,0,0,0
Kenpachoux,55,58,<@671734712124833795>,671734712124833795,0,28,0,1,10
Captain Stab (Palm jtm),54,59,<@1095742694900375572>,1095742694900375572,0,28,0,0,0
yioh (Captainstab),45,60,<@266261727446958087>,266261727446958087,0,28,0,2,20
Light-kiwi,39,61,<@234033537114701824>,234033537114701824,0,28,0,0,0
Esteradouz / Watash,38,62,<@222439925587509248>,222439925587509248,54,27,0,0,0
Fufu,38,62,<@352921749462974466>,352921749462974466,0,28,0,0,0
Wowam,36,64,<@297042824723955723>,297042824723955723,0,28,0,0,0
Adiyoo,35,65,<@243180936877965313>,243180936877965313,0,28,0,0,0
Seigneurie,35,65,<@695782845591060481>,695782845591060481,0,28,0,0,0
Prdnu8,35,65,<@429351978536140800>,429351978536140800,0,28,0,0,0
kafil,34,68,<@473584763526184961>,473584763526184961,301,12,21,5,3
Lhajra [BARCA],33,69,<@209763388664971264>,209763388664971264,0,28,0,0,0
Zemelbouk,32,70,<@1222373955252391939>,1222373955252391939,0,28,0,0,0
armadaskill,30,71,<@273136908526419968>,273136908526419968,0,28,0,0,0
Elkeya,30,71,<@175545610353639424>,175545610353639424,0,28,0,3,20
Ultime-Ripper,29,73,<@344510893549158401>,344510893549158401,389,6,0,0,0
Ewa-Selek,21,74,<@147087422679810048>,147087422679810048,0,28,0,0,0
[UNEX] Tbdy,21,74,<@223106930380505088>,223106930380505088,0,28,0,0,0
Elastic,21,74,<@142450259333742592>,142450259333742592,0,28,0,0,0
Novu,20,77,<@308345742874116107>,308345742874116107,364,7,0,1,10
Zeakros,15,78,<@212993209918291968>,212993209918291968,0,28,0,0,0
Furyks,13,79,<@241717314200797185>,241717314200797185,0,28,0,0,0
Mcflurrouz,10,80,<@390912177294278669>,390912177294278669,463,3,0,0,0
Minishell / Tamaloku,10,80,<@330002117987270663>,330002117987270663,197,20,0,0,0
Tidji,10,80,<@367744015623520258>,367744015623520258,0,28,0,0,0
Skrr,10,80,<@397046971958820875>,397046971958820875,0,28,0,1,10
Caporal-Biflette,3,84,<@208326523386593281>,208326523386593281,0,28,0,0,0
Gob,2,85,<@224192824097243136>,224192824097243136,255,15,0,0,0
Enitaz,2,85,<@616318770872582152>,616318770872582152,0,28,0,0,0
Gerry-Boulet,2,85,<@117393646801649671>,117393646801649671,0,28,0,0,0
Acejyc,1,88,<@724194308588306443>,724194308588306443,296,13,0,0,0
NaWakii,1,88,<@259865361187340288>,259865361187340288,0,28,0,0,0
Tab-Arnakouz,1,88,<@482517379730112542>,482517379730112542,0,28,0,0,0
Yaskouz,1,88,<@210117292879642624>,210117292879642624,0,28,0,0,0
durties,0,92,<@330094801389355010>,330094801389355010,603,2,0,0,0
madar937,0,92,<@267686830831435786>,267686830831435786,434,4,0,0,0
lancetruiteultimeofficiel,0,92,<@132919720084111361>,132919720084111361,334,9,0,0,0
arcadit,0,92,<@246753638163283970>,246753638163283970,317,11,0,0,0
apocorp,0,92,<@192221618414682113>,192221618414682113,279,14,0,0,0
cyxt_,0,92,<@689036232315109421>,689036232315109421,243,16,0,0,0
teazs,0,92,<@266261049651494923>,266261049651494923,145,24,0,0,0
Bahamur,0,92,<@336249392308682753>,336249392308682753,0,28,0,0,0
Neozia / Tamalokouille,0,92,<@251762245791514644>,251762245791514644,0,28,0,0,0
Magnat [Mafiouz],0,92,<@235787296719372298>,235787296719372298,0,28,0,0,0
Tzatzikis / Tamalofoie,0,92,<@136560863824838656>,136560863824838656,0,28,0,0,0
Idaho,0,92,<@339710913709867009>,339710913709867009,0,28,0,0,0
[unex] Run-Rdeux,0,92,<@190594254580482049>,190594254580482049,0,28,0,0,0
